386 -0.017911310207148277 0.031059640688385542 0.01617778482581852 -1.5455371823521114e-05 5.472121192535834e-05 -6.50304731070608e-06
388 -0.01791227625612716 0.031060123084164233 0.01617755578396653 -1.4731996834043775e-05 5.457746861085873e-05 -6.364221419526022e-06
390 -0.017912781784023675 0.031060339219070667 0.016177453003260983 -1.4343916590251755e-05 5.449159216463736e-05 -6.289076335815414e-06
392 -0.01791304932344579 0.031060453328765694 0.016177430952512728 -1.412462871829266e-05 5.4438706234440974e-05 -6.2435497727130545e-06
394 -0.017913208435254086 0.031060513354347168 0.016177405737225873 -1.3987827146583364e-05 5.440507503633289e-05 -6.212619216489752e-06
396 -0.01791330228338379 0.031060563957067085 0.016177417558381056 -1.390002404308979e-05 5.438353390724521e-05 -6.195241154103697e-06
398 -0.017913357980284605 0.031060578043444566 0.016177423539973698 -1.3844224681840165e-05 5.436936257610691e-05 -6.181977984847458e-06
400 -0.01791339390468559 0.03106058863514184 0.01617741013162517 -1.3806546615636727e-05 5.4359204235063756e-05 -6.172680083519962e-06
402 -0.017913421166573316 0.03106060797781963 0.01617740938016625 -1.3777081736863816e-05 5.4350639447224886e-05 -6.166235593307987e-06
404 -0.017913442264625778 0.031060619932638738 0.016177410618151897 -1.3756389123896272e-05 5.434412974784045e-05 -6.162311159897988e-06
1384 -0.017913527024568485 0.031060637745213355 0.01617740981937501 -1.3694915872831165e-05 5.432661774069845e-05 -6.150266909392446e-06
