386 -0.01797747507225517 0.03128359970338997 0.016413470174856105 -1.3431836750655212e-05 7.109698863762006e-05 -4.944094054265634e-06
388 -0.017978784388220308 0.031284247740642764 0.016413335592595273 -1.2669737422873263e-05 7.090147883683268e-05 -4.816494005942325e-06
390 -0.01797922443494271 0.03128428343563668 0.01641307993446102 -1.2251643431049918e-05 7.078084238629559e-05 -4.760564637940865e-06
392 -0.0179795349224041 0.031284370236494496 0.016413196910827682 -1.2019061324899384e-05 7.071656747402604e-05 -4.730485567616513e-06
394 -0.017979561119376805 0.03128444264830195 0.016412983284649102 -1.1874860598628199e-05 7.067618391867747e-05 -4.698528027189035e-06
396 -0.017979702110268128 0.03128439353069466 0.016413017589603635 -1.178011811224586e-05 7.066015355188746e-05 -4.679159815697206e-06
398 -0.017979722453265 0.031284439183420006 0.016413051707436725 -1.171473253375068e-05 7.064033943383475e-05 -4.670955024714599e-06
400 -0.01797979203084867 0.031284394422165775 0.01641300693349037 -1.1667132722875942e-05 7.062426580741652e-05 -4.662754835571087e-06
404 -0.017979884169845948 0.031284401945511804 0.016413022832929523 -1.1611000476218868e-05 7.060520416496932e-05 -4.658374253947238e-06
434 -0.01797999473886332 0.031284373311063464 0.016412939573977534 -1.1552429482655939e-05 7.058720703586429e-05 -4.6556203659571405e-06
484 -0.017979994967692745 0.03128437336247071 0.016412939453042008 -1.1552209163499021e-05 7.058713563785457e-05 -4.655627392854818e-06
884 -0.017979994958494245 0.03128437332814757 0.01641293942114539 -1.1552208782721479e-05 7.058713575039716e-05 -4.655627154217139e-06
1384 -0.017979994967863747 0.03128437336523571 0.016412939455174528 -1.1552209141929656e-05 7.058713560206386e-05 -4.6556273975963604e-06