386 -0.017997696309376986 0.031179930641792128 0.016349314667135642 -1.0050003516621995e-05 1.3995793136496557e-05 -6.455420329163233e-06
388 -0.017999108794266368 0.031180735870274187 0.016348782221518532 -9.493867033821157e-06 1.3936075452358088e-05 -6.379880305673687e-06
390 -0.01800029478893302 0.031181102407129273 0.016348705019494262 -9.158063064158534e-06 1.3897902547470545e-05 -6.327537783461103e-06
392 -0.01800116856316682 0.03118160619624929 0.016349195678281782 -8.956135471955413e-06 1.3873664407603746e-05 -6.289131827764326e-06
394 -0.018001527670348114 0.031181459734415672 0.016348930589313696 -8.826875621139398e-06 1.385746831937783e-05 -6.249889738411003e-06
396 -0.01800200832215635 0.031181854192651716 0.016349071355469938 -8.74438778047823e-06 1.3843398531691436e-05 -6.220424397669046e-06
398 -0.018002483950841537 0.031181543538895892 0.016349573471263763 -8.69789660394693e-06 1.383965189823172e-05 -6.194171166628595e-06
400 -0.018002466289951842 0.03118136229967557 0.016349709054020525 -8.670414233219749e-06 1.3839162227861576e-05 -6.169134478796322e-06
402 -0.018002464250528167 0.031181344254994265 0.016349931219373278 -8.65560796387261e-06 1.3835511807872427e-05 -6.157027593465288e-06
404 -0.01800254704562288 0.03118136238813553 0.016349901711860466 -8.64916893109448e-06 1.3825238054664926e-05 -6.143059837191773e-06
1384 -0.018002925840310748 0.031181140855865656 0.01635083191000141 -8.869105916289807e-06 1.3811826940824224e-05 -6.044029076061566e-06